eurostat,population,population_male,population_female,population_density
BE,11455519,5644826,5810693,375.3
BE1,1215290,597008,618282,7471.5
BE10,1215290,597008,618282,7471.5
BE100,1215290,597008,618282,7471.5
BE2,6596233,3265134,3331099,489.9
BE21,1860470,923515,936955,661.6
BE211,1053033,522141,530892,1093.8
BE212,344980,169567,175413,689.5
BE213,462457,231807,230650,342.7
BE22,875842,436539,439303,365.8
BE221,429704,213067,216637,480.1
BE222,241849,121534,120315,278.0
BE223,204289,101938,102351,324.8
BE23,1516283,749219,767064,508.8
BE231,291351,143123,148228,613.8
BE232,201299,99134,102165,592.5
BE233,85378,42609,42769,254.7
BE234,560690,278035,282655,594.5
BE235,124402,61429,62973,293.5
BE236,253163,124889,128274,546.6
BE24,1146643,562356,584287,540.5
BE241,638030,310885,327145,670.9
BE242,508613,251471,257142,434.6
BE25,1196995,593505,603490,379.2
BE251,282520,139071,143449,432.9
BE252,51560,25806,25754,141.5
BE253,106551,53343,53208,192.6
BE254,290930,143913,147017,714.6
BE255,157293,77699,79594,537.6
BE256,153394,76463,76931,557.2
BE257,93040,46698,46342,279.8
BE258,61707,30512,31195,222.6
BE3,3643996,1782684,1861312,215.8
BE31,404270,196264,208006,367.3
BE310,404270,196264,208006,367.3
BE32,1346082,655503,690579,353.9
BE321,87125,42617,44508,177.5
BE322,431879,210116,221763,772.2
BE323,259175,125172,134003,443.5
BE324,76520,37182,39338,749.0
BE325,191391,93264,98127,368.6
BE326,152358,74416,77942,162.9
BE327,147634,72736,74898,241.3
BE33,1110068,543844,566224,289.0
BE331,113528,55846,57682,172.5
BE332,626627,305871,320756,797.0
BE334,81498,39796,41702,208.3
BE335,210512,103485,107027,181.3
BE336,77903,38846,39057,92.1
BE34,286685,143144,143541,64.1
BE341,63062,31562,31500,196.8
BE342,49125,24638,24487,46.8
BE343,57283,28747,28536,59.6
BE344,63424,31607,31817,46.6
BE345,53791,26590,27201,69.1
BE35,496891,243929,252962,135.3
BE351,112159,55434,56725,70.2
BE352,317552,155202,162350,272.6
BE353,67180,33293,33887,73.8
BG,7000039,3395701,3604338,63.9
BG3,3487586,1696791,1790795,51.8
BG31,742304,362328,379976,39.8
BG311,84865,41349,43516,28.7
BG312,129637,63334,66303,36.6
BG313,162549,79894,82655,45.8
BG314,240380,116915,123465,53.0
BG315,124873,60836,64037,30.5
BG32,784168,380986,403182,53.9
BG321,235708,113916,121792,51.4
BG322,108404,52213,56191,54.2
BG323,218556,106679,111877,78.3
BG324,112229,54714,57515,46.9
BG325,109271,53464,55807,39.3
BG33,929035,452747,476288,64.0
BG331,471252,229614,241638,124.9
BG332,173831,84476,89355,37.1
BG333,172355,84145,88210,51.2
BG334,111597,54512,57085,41.5
BG34,1032079,500730,531349,52.9
BG341,410331,198630,211701,53.8
BG342,186495,90636,95859,53.2
BG343,118897,58200,60697,35.8
BG344,316356,153264,163092,62.3
BG4,3512453,1698910,1813543,83.1
BG41,2102205,1014770,1087435,104.1
BG411,1328120,636963,691157,1015.9
BG412,229041,112497,116544,32.7
BG413,305123,148542,156581,47.6
BG414,120880,58824,62056,51.1
BG415,119041,57944,61097,39.4
BG42,1410248,684140,726108,63.9
BG421,668334,321176,347158,113.3
BG422,228141,111377,116764,42.0
BG423,255479,125103,130376,58.5
BG424,105421,50959,54462,33.3
BG425,152873,75525,77348,48.0
CZ,10649800,5244194,5405606,137.7
CZ0,10649800,5244194,5405606,137.7
CZ01,1308632,638009,670623,2683.7
CZ010,1308632,638009,670623,2683.7
CZ02,1369332,676696,692636,127.0
CZ020,1369332,676696,692636,127.0
CZ03,1226805,607494,619311,71.4
CZ031,642133,317268,324865,66.7
CZ032,584672,290226,294446,77.4
CZ04,1115685,553069,562616,131.7
CZ041,294896,145674,149222,91.1
CZ042,820789,407395,413394,156.8
CZ05,1513693,747330,766363,123.4
CZ051,442356,217791,224565,141.8
CZ052,551021,271591,279430,117.7
CZ053,520316,257948,262368,116.6
CZ06,1696941,835577,861364,123.6
CZ063,509274,253061,256213,76.3
CZ064,1187667,582516,605151,168.6
CZ07,1215413,595503,619910,133.3
CZ071,632492,309620,322872,121.4
CZ072,582921,285883,297038,149.1
CZ08,1203299,590516,612783,226.7
CZ080,1203299,590516,612783,226.7
DK,5806081,2889073,2917008,138.0
DK0,5806081,2889073,2917008,138.0
DK01,1835562,900985,934577,751.2
DK011,784618,385393,399225,4481.8
DK012,547534,268578,278956,1657.0
DK013,463748,227374,236374,342.8
DK014,39662,19640,20022,68.3
DK02,836738,417056,419682,118.1
DK021,249359,123246,126113,314.2
DK022,587379,293810,293569,93.4
DK03,1223348,611931,611417,101.9
DK031,498481,248481,250000,145.8
DK032,724867,363450,361417,84.5
DK04,1320678,661222,659456,103.2
DK041,430111,217376,212735,61.3
DK042,890567,443846,446721,154.1
DK05,589755,297879,291876,76.4
DK050,589755,297879,291876,76.4
DE,83019213,40966691,42052522,234.7
DE1,11069533,5501693,5567840,312.5
DE11,4143418,2067094,2076324,392.0
DE111,634830,317139,317691,3076.6
DE112,391640,194989,196651,632.0
DE113,533859,266783,267076,831.8
DE114,257253,128093,129160,400.0
DE115,543984,269961,274023,793.1
DE116,426158,210861,215297,495.9
DE117,125960,63527,62433,1255.4
DE118,343068,172382,170686,311.4
DE119,112010,56550,55460,143.8
DE11A,195861,98314,97547,131.4
DE11B,132321,65923,66398,101.5
DE11C,132472,66092,66380,210.9
DE11D,314002,156480,157522,207.4
DE12,2805129,1394621,1410508,408.2
DE121,55123,26442,28681,395.1
DE122,313092,160429,152663,1849.1
DE123,444232,221339,222893,415.6
DE124,231018,114797,116221,319.0
DE125,160355,77112,83243,1499.8
DE126,309370,154273,155097,2204.9
DE127,143535,72057,71478,127.7
DE128,547625,269317,278308,519.2
DE129,125542,61699,63843,1274.6
DE12A,158397,79514,78883,198.1
DE12B,198905,98744,100161,346.1
DE12C,117935,58898,59037,135.4
DE13,2264469,1116838,1147631,244.0
DE131,230241,109829,120412,1502.9
DE132,262795,129641,133154,192.2
DE133,165383,81772,83611,243.8
DE134,429479,214221,215258,232.1
DE135,139455,69767,69688,181.0
DE136,212381,105542,106839,206.8
DE137,140152,70452,69700,190.4
DE138,285325,139046,146279,369.7
DE139,228639,111981,116658,284.9
DE13A,170619,84587,86032,151.6
DE14,1856517,923140,933377,213.2
DE141,286748,142232,144516,262.1
DE142,227331,110795,116536,437.3
DE143,188935,93808,95127,205.4
DE144,126329,62660,63669,1058.5
DE145,196047,99041,97006,144.1
DE146,199742,100634,99108,141.5
DE147,216227,106544,109683,483.1
DE148,284285,141777,142508,174.3
DE149,130873,65649,65224,108.8
DE2,13076721,6483793,6592928,186.5
DE21,4686163,2318777,2367386,271.6
DE211,136981,69252,67729,1047.0
DE212,1471508,717308,754200,4721.9
DE213,63324,31321,32003,1708.2
DE214,111210,54942,56268,196.8
DE215,105722,52007,53715,126.7
DE216,127227,62731,64496,117.0
DE217,153884,77120,76764,265.2
DE218,142142,70972,71170,258.6
DE219,132341,67325,65016,109.0
DE21A,137660,69367,68293,157.8
DE21B,179116,91393,87723,224.0
DE21C,219320,107686,111634,502.5
DE21D,88467,42969,45498,88.3
DE21E,120071,60077,59994,159.7
DE21F,99726,48870,50856,116.5
DE21G,115250,58360,56890,143.4
DE21H,348871,173601,175270,528.3
DE21I,96680,48679,48001,131.7
DE21J,127151,64639,62512,168.0
DE21K,260983,129253,131730,183.8
DE21L,136092,66020,70072,319.6
DE21M,177089,87564,89525,122.1
DE21N,135348,67321,68027,141.0
DE22,1238528,620809,617719,120.3
DE221,72404,35403,37001,1087.9
DE222,52469,25344,27125,801.9
DE223,47794,24117,23677,733.7
DE224,119326,59547,59779,140.0
DE225,78355,39103,39252,79.6
DE226,122258,62137,60121,114.9
DE227,158698,80519,78179,117.6
DE228,192043,95471,96572,126.2
DE229,77656,38745,38911,79.7
DE22A,120659,60346,60313,94.5
DE22B,100649,50627,50022,84.4
DE22C,96217,49450,46767,110.1
DE23,1109269,552961,556308,114.8
DE231,41970,20673,21297,842.2
DE232,152610,74225,78385,1920.9
DE233,42520,20542,21978,599.0
DE234,103109,51665,51444,82.0
DE235,127882,64248,63634,84.1
DE236,133561,67499,66062,99.0
DE237,94352,46943,47409,66.4
DE238,193572,97081,96491,139.8
DE239,147189,73964,73225,101.5
DE23A,72504,36121,36383,67.2
DE24,1067482,525763,541719,147.9
DE241,77592,37464,40128,1407.0
DE242,74657,36469,38188,1109.4
DE243,41249,20162,21087,859.2
DE244,45930,22098,23832,806.0
DE245,147086,73725,73361,126.5
DE246,103656,51310,52346,81.4
DE247,86906,42912,43994,147.3
DE248,116099,57703,58396,180.5
DE249,95311,46646,48665,107.2
DE24A,67135,33184,33951,103.4
DE24B,71845,35345,36500,109.3
DE24C,66838,33027,33811,129.2
DE24D,73178,35718,37460,121.0
DE25,1770401,873070,897331,244.7
DE251,41847,20048,21799,417.5
DE252,111962,55864,56098,1466.8
DE253,127748,62603,65145,2018.0
DE254,518365,252807,265558,2793.4
DE255,40792,19895,20897,994.8
DE256,183949,92450,91499,93.2
DE257,136271,67763,68508,243.4
DE258,117387,57064,60323,380.4
DE259,170365,83946,86419,212.8
DE25A,100364,50331,50033,78.9
DE25B,126958,63206,63752,142.0
DE25C,94393,47093,47300,98.6
DE26,1317124,652896,664228,154.8
DE261,70527,34316,36211,1151.3
DE262,54032,26553,27479,1535.3
DE263,127880,61151,66729,1462.7
DE264,174208,86570,87638,250.5
DE265,103218,50865,52353,90.8
DE266,79690,39677,40013,78.0
DE267,84599,42468,42131,88.9
DE268,90909,45791,45118,133.1
DE269,128756,64190,64566,181.7
DE26A,126365,62953,63412,96.3
DE26B,115106,57768,57338,137.4
DE26C,161834,80594,81240,167.1
DE27,1887754,939517,948237,190.2
DE271,295135,145158,149977,2000.0
DE272,43893,21610,22283,1092.1
DE273,68907,34141,34766,1089.2
DE274,43837,21710,22127,623.6
DE275,133596,66651,66945,171.1
DE276,251534,124807,126727,234.3
DE277,96021,48135,47886,122.6
DE278,125747,63576,62171,165.3
DE279,174200,86470,87730,338.6
DE27A,81669,40285,41384,286.6
DE27B,140316,69968,70348,102.0
DE27C,144041,72608,71433,116.8
DE27D,133496,67821,65675,105.1
DE27E,155362,76577,78785,102.0
DE3,3644826,1792801,1852025,4289.8
DE30,3644826,1792801,1852025,4289.8
DE300,3644826,1792801,1852025,4289.8
DE4,2511917,1239460,1272457,86.4
DE40,2511917,1239460,1272457,86.4
DE401,72124,35617,36507,367.4
DE402,100219,49201,51018,609.9
DE403,57873,28023,29850,403.2
DE404,178089,86179,91910,1034.5
DE405,182760,90615,92145,126.8
DE406,169067,83943,85124,76.2
DE407,102638,50832,51806,54.7
DE408,161909,80121,81788,94.6
DE409,194328,96483,97845,91.0
DE40A,211249,104111,107138,118.8
DE40B,110476,54307,56169,95.1
DE40C,178658,87681,90977,81.0
DE40D,99078,49331,49747,40.1
DE40E,214664,106258,108406,84.0
DE40F,76508,37977,38531,36.2
DE40G,114429,56269,58160,70.5
DE40H,168296,83842,84454,80.2
DE40I,119552,58670,60882,40.2
DE5,682986,338035,344951,1744.3
DE50,682986,338035,344951,1744.3
DE501,569352,281336,288016,1834.4
DE502,113634,56699,56935,1399.1
DE6,1841179,902048,939131,2585.7
DE60,1841179,902048,939131,2585.7
DE600,1841179,902048,939131,2585.7
DE7,6265809,3093044,3172765,297.3
DE71,3998724,1971254,2027470,539.3
DE711,159207,81217,77990,1301.1
DE712,753056,371671,381385,3061.1
DE713,128744,63699,65045,2902.3
DE714,278342,132943,145399,1399.5
DE715,269694,133318,136376,378.7
DE716,297399,147786,149613,450.9
DE717,274526,137325,137201,617.6
DE718,236564,114878,121686,490.2
DE719,418950,206555,212395,300.3
DE71A,237735,116332,121403,1074.0
DE71B,96798,47875,48923,155.0
DE71C,354092,174417,179675,999.7
DE71D,187157,91962,95195,233.6
DE71E,306460,151276,155184,278.1
DE72,1047262,517202,530060,194.7
DE721,268876,132135,136741,314.1
DE722,253777,125090,128687,238.5
DE723,172083,85571,86512,233.1
DE724,246648,121414,125234,195.3
DE725,105878,52992,52886,72.8
DE73,1219823,604588,615235,147.5
DE731,201585,99007,102578,1897.7
DE732,222584,110592,111992,161.0
DE733,120829,60523,60306,110.3
DE734,236633,116122,120511,183.0
DE735,180222,90181,90041,117.6
DE736,156953,78198,78755,85.7
DE737,101017,49965,51052,98.9
DE8,1609675,793639,816036,71.3
DE80,1609675,793639,816036,71.3
DE803,208886,102911,105975,1159.2
DE804,95818,46054,49764,1008.5
DE80J,259130,127108,132022,50.8
DE80K,215113,107111,108002,63.6
DE80L,224684,110477,114207,70.7
DE80M,156729,77899,78830,76.0
DE80N,236697,115881,120816,60.7
DE80O,212618,106198,106420,45.6
DE9,7982448,3943243,4039205,168.3
DE91,1596396,790405,805991,197.4
DE911,248292,122985,125307,1292.5
DE912,104948,52202,52746,474.0
DE913,124151,61820,62331,608.0
DE914,175920,88035,87885,112.1
DE916,137014,67834,69180,143.2
DE917,91307,45241,46066,135.8
DE918,132765,65445,67320,105.0
DE91A,133965,66286,67679,251.3
DE91B,119960,59370,60590,166.2
DE91C,328074,161187,166887,187.5
DE92,2149805,1054567,1095238,238.8
DE922,216886,107853,109033,109.6
DE923,148559,71840,76719,186.7
DE925,276594,134912,141682,229.7
DE926,70975,35187,35788,102.5
DE927,121386,60400,60986,87.4
DE928,157781,77174,80607,234.5
DE929,1157624,567201,590423,510.7
DE93,1710914,844086,866828,111.0
DE931,178936,88054,90882,115.6
DE932,198213,97044,101169,97.2
DE933,252776,124502,128274,203.5
DE934,48424,23839,24585,39.8
DE935,183372,89543,93829,139.4
DE936,113517,55765,57752,175.4
DE937,163455,82132,81323,78.9
DE938,139755,69757,69998,74.1
DE939,203102,101043,102059,170.4
DE93A,92572,45241,47331,63.3
DE93B,136792,67166,69626,174.4
DE94,2525333,1254185,1271148,169.2
DE941,77607,38437,39170,1251.0
DE942,50195,25084,25111,462.4
DE943,168210,80501,87709,1643.6
DE944,164748,79756,84992,1371.3
DE945,76278,37596,38682,733.6
DE946,124071,60658,63413,170.9
DE947,189848,93555,96293,148.5
DE948,169348,85707,83641,119.2
DE949,325657,165784,159873,113.0
DE94A,98460,48064,50396,162.5
DE94B,136511,68305,68206,138.8
DE94C,169809,84810,84999,158.7
DE94D,130144,64574,65570,122.3
DE94E,357343,177430,179913,168.4
DE94F,141598,71595,70003,173.3
DE94G,88624,44410,44214,110.2
DE94H,56882,27919,28963,86.7
DEA,17932651,8798631,9134020,529.6
DEA1,5202321,2538726,2663595,1005.9
DEA11,619294,299315,319979,3001.4
DEA12,498590,246588,252002,2328.7
DEA13,583109,283005,300104,2817.6
DEA14,227020,110745,116275,1680.4
DEA15,261454,128655,132799,1540.1
DEA16,170880,82387,88493,1879.9
DEA17,210829,103612,107217,2741.9
DEA18,110994,54664,56330,1497.1
DEA19,159360,77471,81889,1767.6
DEA1A,354382,173687,180695,2107.1
DEA1B,310974,154628,156346,258.2
DEA1C,485684,234705,250979,1204.8
DEA1D,451007,219214,231793,795.4
DEA1E,298935,145913,153022,534.6
DEA1F,459809,224137,235672,457.9
DEA2,4468904,2193175,2275729,611.8
DEA22,327258,156328,170930,2399.8
DEA23,1085664,529368,556296,2791.3
DEA24,163838,79787,84051,2154.0
DEA26,263722,130761,132961,281.9
DEA27,470089,230062,240027,669.5
DEA28,192840,95124,97716,154.7
DEA29,254322,125849,128473,405.3
DEA2A,272471,134069,138402,299.7
DEA2B,283455,137572,145883,654.5
DEA2C,599780,294093,305687,524.0
DEA2D,555465,280162,275303,790.3
DEA3,2623619,1291424,1332195,379.9
DEA31,117383,57101,60282,1173.7
DEA32,260654,129778,130876,2480.8
DEA33,314319,150836,163483,1039.5
DEA34,370676,185195,185481,260.9
DEA35,219929,108564,111365,197.7
DEA36,615261,300019,315242,818.1
DEA37,447614,222633,224981,249.1
DEA38,277783,137298,140485,210.6
DEA4,2055310,1013832,1041478,316.2
DEA41,333786,161078,172708,1286.4
DEA42,364083,181844,182239,375.6
DEA43,250783,122959,127824,558.1
DEA44,140667,70059,70608,117.6
DEA45,348391,170965,177426,280.3
DEA46,310710,153305,157405,273.0
DEA47,306890,153622,153268,247.1
DEA5,3582497,1761474,1821023,449.3
DEA51,364628,177699,186929,2517.8
DEA52,587010,288386,298624,2095.7
DEA53,188814,92168,96646,1184.1
DEA54,179111,88024,91087,792.7
DEA55,156374,76649,79725,3067.3
DEA56,324296,157490,166806,797.3
DEA57,260475,129947,130528,133.5
DEA58,412120,202817,209303,390.5
DEA59,134775,67610,67165,191.5
DEA5A,278210,138358,139852,245.9
DEA5B,301902,150022,151880,229.2
DEA5C,394782,192304,202478,726.3
DEB,4084844,2017576,2067268,206.9
DEB1,1495885,738472,757413,186.4
DEB11,114024,55628,58396,1139.3
DEB12,129727,63755,65972,165.8
DEB13,128705,63859,64846,200.5
DEB14,158080,77185,80895,182.7
DEB15,80720,40021,40699,104.0
DEB17,214259,105746,108513,265.1
DEB18,181941,89488,92453,293.7
DEB1A,122308,60525,61783,157.9
DEB1B,201597,100218,101379,204.2
DEB1C,61587,30841,30746,86.8
DEB1D,102937,51206,51731,107.2
DEB2,531007,264244,266763,108.2
DEB21,110636,54444,56192,967.8
DEB22,112262,56124,56138,96.9
DEB23,98561,49576,48985,60.5
DEB24,60603,30427,30176,66.6
DEB25,148945,73673,75272,136.1
DEB3,2057952,1014860,1043092,302.4
DEB31,48561,23489,25072,1127.7
DEB32,99845,50353,49492,712.6
DEB33,46677,22078,24599,560.1
DEB34,171061,85820,85241,2263.7
DEB35,217118,105599,111519,2274.9
DEB36,53148,25955,27193,455.1
DEB37,40403,19780,20623,664.2
DEB38,50378,24363,26015,1333.0
DEB39,83330,41080,42250,792.4
DEB3A,34209,16954,17255,482.2
DEB3B,129244,64389,64855,220.7
DEB3C,132660,64838,67822,223.0
DEB3D,75101,37194,37907,116.4
DEB3E,129075,64379,64696,286.2
DEB3F,106057,52135,53922,165.4
DEB3G,70526,35052,35474,123.1
DEB3H,110356,54441,55915,172.6
DEB3I,154201,76030,78171,523.5
DEB3J,210889,104015,106874,355.9
DEB3K,95113,46916,48197,99.9
DEC,990509,486159,504350,386.9
DEC0,990509,486159,504350,386.9
DEC01,329708,162003,167705,802.7
DEC02,103366,51108,52258,186.8
DEC03,132206,64915,67291,531.0
DEC04,195201,95550,99651,426.9
DEC05,142631,69385,73246,342.1
DEC06,87397,43198,44199,184.9
DED,4077937,2009619,2068318,224.5
DED2,1598199,790659,807540,205.7
DED21,554649,276729,277920,1706.4
DED2C,300880,148502,152378,131.0
DED2D,254894,124905,129989,124.2
DED2E,242165,119304,122861,168.8
DED2F,245611,121219,124392,149.2
DED4,1436445,705809,730636,221.3
DED41,247237,122248,124989,1117.9
DED42,337696,165218,172478,186.2
DED43,306185,152310,153875,145.4
DED44,227796,111055,116741,162.8
DED45,317531,154978,162553,335.9
DED5,1043293,513151,530142,266.9
DED51,587857,288553,299304,1996.3
DED52,257763,126380,131383,160.5
DED53,197673,98218,99455,99.0
DEE,2208321,1086679,1121642,109.4
DEE0,2208321,1086679,1121642,109.4
DEE01,81237,39457,41780,340.3
DEE02,239257,115713,123544,1785.2
DEE03,238697,117828,120869,1242.6
DEE04,83765,41748,42017,36.8
DEE05,159854,78326,81528,113.2
DEE06,89928,44781,45147,57.7
DEE07,171734,85660,86074,72.9
DEE08,180190,89353,90837,128.3
DEE09,214446,105101,109345,102.7
DEE0A,136249,66992,69257,95.3
DEE0B,184582,91361,93221,132.0
DEE0C,190560,93148,97412,136.2
DEE0D,111982,55278,56704,47.1
DEE0E,125840,61933,63907,66.4
DEF,2896712,1419457,1477255,187.8
DEF0,2896712,1419457,1477255,187.8
DEF01,89504,44599,44905,1561.6
DEF02,247548,120566,126982,2117.5
DEF03,217198,104371,112827,1140.8
DEF04,79487,39241,40246,1134.4
DEF05,133210,65720,67490,95.4
DEF06,197264,96881,100383,160.7
DEF07,165507,81099,84408,80.6
DEF08,200581,96765,103816,147.5
DEF09,314391,154211,160180,489.9
DEF0A,128647,62532,66115,130.2
DEF0B,272775,134109,138666,127.5
DEF0C,200025,99092,100933,97.0
DEF0D,276032,136517,139515,206.6
DEF0E,131347,64923,66424,129.4
DEF0F,243196,118831,124365,317.8
DEG,2143145,1060814,1082331,133.0
DEG0,2143145,1060814,1082331,133.0
DEG01,213699,103920,109779,799.0
DEG02,94152,45517,48635,621.7
DEG03,111407,55665,55742,967.4
DEG04,34835,16960,17875,339.8
DEG05,65090,31655,33435,770.9
DEG06,100380,50364,50016,106.6
DEG07,83822,41477,42345,118.8
DEG09,102912,51119,51793,105.5
DEG0A,75009,37274,37735,72.7
DEG0B,122347,61186,61161,101.4
DEG0C,135452,67468,67984,145.4
DEG0D,69655,34762,34893,87.1
DEG0E,63553,31766,31787,68.1
DEG0F,108742,54633,54109,129.0
DEG0G,81947,40645,41302,102.0
DEG0H,56196,27673,28523,130.3
DEG0I,106356,52388,53968,103.9
DEG0J,83051,41360,41691,101.9
DEG0K,80868,40119,40749,71.5
DEG0L,98159,48326,49833,117.2
DEG0M,90118,44138,45980,159.4
DEG0N,42370,20874,21496,409.0
DEG0P,123025,61525,61500,94.5
EE,1324820,625635,699185,30.4
EE0,1324820,625635,699185,30.4
EE00,1324820,625635,699185,30.4
EE001,599478,278703,320775,137.2
EE004,148940,71652,77288,13.3
EE006,122922,60089,62833,13.6
EE007,136240,62837,73403,41.1
EE008,317240,152354,164886,20.4
IE,4904240,2428881,2475359,70.9
IE0,4904240,2428881,2475359,70.9
IE04,867947,432099,435848,34.5
IE041,405926,202454,203472,35.9
IE042,462021,229645,232376,33.5
IE05,1624381,807768,816613,54.9
IE051,484164,241921,242243,47.7
IE052,434267,215599,218668,60.3
IE053,705950,350248,355702,57.8
IE06,2411912,1189014,1222898,167.1
IE061,1387606,678366,709240,1487.3
IE062,720143,358119,362024,104.2
IE063,304163,152529,151634,46.3
EL,10724599,5208293,5516306,82.5
EL5,3074204,1495938,1578266,60.6
EL51,599723,297982,301741,42.9
EL511,147190,74933,72257,35.2
EL512,111631,56059,55572,63.4
EL513,110666,54914,55752,44.2
EL514,96845,46611,50234,28.2
EL515,133391,65465,67926,63.8
EL52,1873777,903032,970745,101.3
EL521,141585,69628,71957,84.3
EL522,1104690,524494,580196,310.9
EL523,80475,40969,39506,32.2
EL524,137181,67555,69626,55.5
EL525,131879,64841,67038,86.8
EL526,167374,80091,87283,43.4
EL527,110593,55454,55139,38.0
EL53,267008,131290,135718,29.1
EL531,170821,84319,86502,29.9
EL532,46668,22561,24107,27.7
EL533,49519,24410,25109,27.6
EL54,333696,163634,170062,36.8
EL541,120936,59605,61331,46.6
EL542,45064,22267,22797,29.9
EL543,167696,81762,85934,33.8
EL6,2708105,1339089,1369016,46.7
EL61,718640,350981,367659,51.7
EL611,234445,115946,118499,39.4
EL612,281033,136305,144728,52.5
EL613,203162,98730,104432,78.5
EL62,203869,100096,103773,89.7
EL621,39737,19534,20203,98.2
EL622,101569,49353,52216,162.9
EL623,38718,19184,19534,43.3
EL624,23845,12025,11820,68.2
EL63,655189,323560,331629,59.6
EL631,200617,99502,101115,38.9
EL632,298996,144702,154294,91.9
EL633,155576,79356,76220,60.3
EL64,555960,278143,277817,36.0
EL641,122256,62739,59517,41.7
EL642,213067,107236,105831,51.5
EL643,18814,9391,9423,10.4
EL644,159387,77459,81928,36.0
EL645,42436,21318,21118,20.2
EL65,574447,286309,288138,37.2
EL651,178244,89299,88945,27.3
EL652,147739,72265,75474,64.7
EL653,248464,124745,123719,37.6
EL3,3742235,1777221,1965014,989.8
EL30,3742235,1777221,1965014,989.8
EL301,576111,259594,316517,4319.8
EL302,483712,230737,252975,7113.9
EL303,917960,432107,485853,10436.3
EL304,522340,238160,284180,7497.5
EL305,566719,286393,280326,374.8
EL306,180485,95280,85205,179.6
EL307,494908,234950,259958,543.4
EL4,1200055,596045,604010,68.8
EL41,221098,115428,105670,56.9
EL411,114805,59406,55399,52.4
EL412,48238,25713,22525,61.3
EL413,58055,30309,27746,63.6
EL42,344027,171034,172993,65.5
EL421,217241,109892,107349,80.7
EL422,126786,61142,65644,49.6
EL43,634930,309583,325347,76.4
EL431,313766,152375,161391,118.9
EL432,74006,36157,37849,40.8
EL433,87582,42383,45199,58.7
EL434,159576,78668,80908,67.4
ES,46937060,23009259,23927801,93.1
ES1,4304287,2075690,2228597,95.3
ES11,2700441,1303453,1396988,92.0
ES111,1122006,538754,583252,142.1
ES112,329587,160005,169582,33.7
ES113,307841,148315,159526,42.9
ES114,941007,456379,484628,210.8
ES12,1022205,488675,533530,97.0
ES120,1022205,488675,533530,97.0
ES13,581641,283562,298079,110.4
ES130,581641,283562,298079,110.4
ES2,4461983,2181562,2280421,63.6
ES21,2177880,1054101,1123779,302.4
ES211,327682,160680,167002,108.5
ES212,713007,346637,366370,360.7
ES213,1137191,546784,590407,515.2
ES22,649946,321064,328882,62.5
ES220,649946,321064,328882,62.5
ES23,313571,154512,159059,62.3
ES230,313571,154512,159059,62.3
ES24,1320586,651885,668701,27.7
ES241,219239,110627,108612,14.1
ES242,133298,67516,65782,9.0
ES243,968049,473742,494307,56.3
ES3,6641649,3184373,3457276,827.3
ES30,6641649,3184373,3457276,827.3
ES300,6641649,3184373,3457276,827.3
ES4,5508034,2738843,2769191,25.8
ES41,2407733,1188756,1218977,25.7
ES411,159260,80202,79058,19.9
ES412,355429,178356,177073,24.9
ES413,462496,225326,237170,29.9
ES414,160701,79662,81039,20.1
ES415,332234,161858,170376,27.2
ES416,154095,77602,76493,22.3
ES417,89501,45410,44091,8.7
ES418,520385,254104,266281,64.3
ES419,173632,86236,87396,16.8
ES42,2034877,1021106,1013771,25.7
ES421,389528,194558,194970,26.2
ES422,495106,245147,249959,25.2
ES423,199628,100868,98760,11.7
ES424,258890,131365,127525,21.2
ES425,691725,349168,342557,45.1
ES43,1065424,528981,536443,26.1
ES431,672493,332848,339645,31.5
ES432,392931,196133,196798,20.1
ES5,13729620,6743887,6985733,227.5
ES51,7566431,3698669,3867762,235.5
ES511,5575204,2703227,2871977,718.7
ES512,757497,377123,380374,127.8
ES513,431183,218328,212855,35.5
ES514,802547,399991,402556,127.8
ES52,4974969,2450794,2524175,214.4
ES521,1862780,923878,938902,321.5
ES522,571601,283778,287823,86.2
ES523,2540588,1243138,1297450,236.0
ES53,1188220,594424,593796,236.8
ES531,167992,86501,81491,257.0
ES532,923608,459916,463692,252.0
ES533,96620,48007,48613,138.2
ES6,10084586,4990190,5094396,102.6
ES61,8427405,4160232,4267173,97.0
ES611,706871,357788,349083,80.3
ES612,1249739,620327,629412,170.9
ES613,783867,384587,399280,57.6
ES614,919700,455290,464410,72.9
ES615,524576,258887,265689,52.5
ES616,632027,313586,318441,47.5
ES617,1660985,816030,844955,228.0
ES618,1949640,953737,995903,140.3
ES62,1487663,744145,743518,131.1
ES620,1487663,744145,743518,131.1
ES63,84829,43020,41809,4251.0
ES630,84829,43020,41809,4251.0
ES64,84689,42793,41896,6049.9
ES640,84689,42793,41896,6049.9
ES7,2206901,1094714,1112187,295.3
ES70,2206901,1094714,1112187,295.3
ES703,11154,5667,5487,41.5
ES704,122629,63540,59089,72.9
ES705,865756,427723,438033,554.5
ES706,22100,11276,10824,59.8
ES707,84793,42138,42655,119.7
ES708,150998,76096,74902,177.8
ES709,949471,468274,481197,463.8
FR,67012883,32386507,34626376,105.6
FR1,12244807,5902798,6342009,1023.1
FR10,12244807,5902798,6342009,1023.1
FR101,2160928,1015353,1145575,21043.6
FR102,1417171,688277,728894,240.8
FR103,1445318,701869,743449,635.1
FR104,1311863,641936,669927,722.6
FR105,1612763,766258,846505,9371.4
FR106,1654892,815009,839883,6979.0
FR107,1400072,673170,726902,5773.6
FR108,1241800,600926,640874,996.4
FRB,2565258,1242428,1322830,65.5
FRB0,2565258,1242428,1322830,65.5
FRB01,299060,144806,154254,41.3
FRB02,430911,210434,220477,72.9
FRB03,218810,105280,113530,32.2
FRB04,605840,290971,314869,99.3
FRB05,329276,159857,169419,51.8
FRB06,681361,331080,350281,100.7
FRC,2793333,1358835,1434498,58.6
FRC1,1619728,783868,835860,51.4
FRC11,533307,256690,276617,60.9
FRC12,202115,97149,104966,29.8
FRC13,550004,266961,283043,64.4
FRC14,334302,163068,171234,45.1
FRC2,1173605,574967,598638,72.5
FRC21,539508,264077,275431,103.0
FRC22,258611,125856,132755,51.7
FRC23,234401,115181,119220,43.8
FRC24,141085,69853,71232,235.4
FRD,3313340,1600250,1713090,110.6
FRD1,1464500,708409,756091,82.7
FRD11,692463,332192,360271,123.7
FRD12,492733,240066,252667,82.3
FRD13,279304,136151,143153,45.6
FRD2,1848840,891841,956999,151.2
FRD21,601388,292917,308471,100.5
FRD22,1247452,598924,648528,199.5
FRE,5977437,2897369,3080068,188.2
FRE1,4052299,1958800,2093499,326.9
FRE11,2594456,1252137,1342319,453.4
FRE12,1457843,706663,751180,218.6
FRE2,1925138,938569,986569,99.4
FRE21,529132,258401,270731,71.8
FRE22,824981,403102,421879,140.8
FRE23,571025,277066,293959,93.0
FRF,5525291,2692457,2832834,96.5
FRF1,1894144,923501,970643,229.1
FRF11,1130370,549147,581223,237.6
FRF12,763774,374354,389420,217.6
FRF2,1314964,638169,676795,51.6
FRF21,268178,130542,137636,51.6
FRF22,310063,150260,159803,52.0
FRF23,565322,273555,291767,69.6
FRF24,171401,83812,87589,27.7
FRF3,2316183,1130787,1185396,98.7
FRF31,731615,355874,375741,139.6
FRF32,183633,90844,92789,29.7
FRF33,1038692,507902,530790,168.4
FRF34,362243,176167,186076,61.7
FRG,3787400,1843001,1944399,117.4
FRG0,3787400,1843001,1944399,117.4
FRG01,1423365,690634,732731,207.5
FRG02,815111,397223,417888,113.5
FRG03,306083,150674,155409,58.8
FRG04,562220,273069,289151,90.4
FRG05,680621,331401,349220,100.6
FRH,3333720,1618845,1714875,121.6
FRH0,3333720,1618845,1714875,121.6
FRH01,597327,288141,309186,85.8
FRH02,907331,441015,466316,134.5
FRH03,1074841,524712,550129,157.3
FRH04,754221,364977,389244,109.9
FRI,5986318,2880996,3105322,71.0
FRI1,3450045,1659682,1790363,83.3
FRI11,410151,197852,212299,44.7
FRI12,1617189,777459,839730,162.6
FRI13,410346,198441,211905,44.3
FRI14,331202,159005,172197,62.0
FRI15,681157,326925,354232,88.7
FRI2,729981,350606,379375,43.1
FRI21,240870,116843,124027,41.1
FRI22,117071,56878,60193,21.1
FRI23,372040,176885,195155,67.4
FRI3,1806292,870708,935584,69.8
FRI31,349643,168950,180693,58.8
FRI32,646194,308995,337199,93.7
FRI33,373100,182069,191031,61.9
FRI34,437355,210694,226661,62.4
FRJ,5899209,2847749,3051460,80.9
FRJ1,2838966,1359887,1479079,103.5
FRJ11,371822,178615,193207,59.5
FRJ12,747151,359792,387359,128.9
FRJ13,1166070,556941,609129,191.2
FRJ14,76401,37933,38468,14.8
FRJ15,477522,226606,250916,116.7
FRJ2,3060243,1487862,1572381,67.3
FRJ21,152750,74884,77866,31.2
FRJ22,278703,137360,141343,31.9
FRJ23,1388447,675388,713059,218.5
FRJ24,190354,92718,97636,30.3
FRJ25,173521,84004,89517,33.4
FRJ26,227417,109451,117966,50.5
FRJ27,387854,186304,201550,67.4
FRJ28,261197,127753,133444,70.3
FRK,8005882,3890241,4115641,113.6
FRK1,1362576,659719,702857,52.3
FRK11,333659,159530,174129,45.6
FRK12,143592,70143,73449,25.1
FRK13,227082,111659,115423,45.4
FRK14,658243,318387,339856,82.2
FRK2,6643306,3230522,3412784,149.8
FRK21,652437,321358,331079,115.6
FRK22,326485,159332,167153,58.9
FRK23,517703,250620,267083,79.1
FRK24,1263351,619102,644249,161.6
FRK25,764233,369105,395128,160.6
FRK26,1865534,896738,968796,576.2
FRK27,432181,211212,220969,69.8
FRK28,821382,403055,418327,178.9
FRL,5048405,2413218,2635187,161.5
FRL0,5048405,2413218,2635187,161.5
FRL01,164843,80381,84462,23.6
FRL02,141651,69193,72458,25.0
FRL03,1080815,510459,570356,252.0
FRL04,2031409,971404,1060005,427.1
FRL05,1068920,512538,556382,177.6
FRL06,560767,269243,291524,157.7
FRM,341554,165666,175888,39.2
FRM0,341554,165666,175888,39.2
FRM01,160760,77777,82983,39.9
FRM02,180794,87889,92905,38.6
FRY,2190929,1032654,1158275,24.6
FRY1,416474,190776,225698,249.2
FRY10,416474,190776,225698,249.2
FRY2,363484,166515,196969,331.9
FRY20,363484,166515,196969,331.9
FRY3,283539,138196,145343,3.4
FRY30,283539,138196,145343,3.4
FRY4,857961,408736,449225,345.9
FRY40,857961,408736,449225,345.9
FRY5,269471,128431,141040,725.2
FRY50,269471,128431,141040,725.2
HR,4076246,1972572,2103674,73.2
HR0,4076246,1972572,2103674,73.2
HR03,1374071,671933,702138,56.1
HR031,283405,137051,146354,79.8
HR032,44834,22431,22403,8.5
HR033,168031,82742,85289,46.7
HR034,99633,49035,50598,34.0
HR035,447723,218494,229229,99.4
HR036,209020,102709,106311,74.5
HR037,121425,59471,61954,69.1
HR04,2702175,1300639,1401536,86.5
HR041,806341,379194,427147,1269.9
HR042,309306,150458,158848,102.2
HR043,124786,60758,64028,102.0
HR044,166658,81134,85524,135.4
HR045,107076,52028,55048,62.3
HR046,109537,53582,55955,157.4
HR047,107186,52325,54861,41.6
HR048,74521,36042,38479,37.7
HR049,67028,32764,34264,37.5
HR04A,138804,67631,71173,70.9
HR04B,275056,132608,142448,68.7
HR04C,152494,73750,78744,64.7
HR04D,116166,56687,59479,32.6
HR04E,147216,71678,75538,33.7
IT,60359546,29384766,30974780,202.9
ITC,16093286,7842713,8250573,283.1
ITC1,4356406,2115079,2241327,173.6
ITC11,2259523,1092504,1167019,333.8
ITC12,170911,82848,88063,82.9
ITC13,175585,84297,91288,194.6
ITC14,158349,76820,81529,73.3
ITC15,369018,179588,189430,283.2
ITC16,587098,289459,297639,85.4
ITC17,214638,105011,109627,142.9
ITC18,421284,204552,216732,119.6
ITC2,125666,61423,64243,38.8
ITC20,125666,61423,64243,38.8
ITC3,1550640,741760,808880,287.3
ITC31,213840,103075,110765,185.5
ITC32,276064,132401,143663,179.2
ITC33,841180,400324,440856,460.4
ITC34,219556,105960,113596,250.3
ITC4,10060574,4924451,5136123,436.0
ITC41,890768,433730,457038,820.9
ITC42,599204,293884,305320,514.8
ITC43,337380,166367,171013,459.1
ITC44,181095,88868,92227,57.4
ITC46,1114590,552870,561720,410.6
ITC47,1265954,624201,641753,278.9
ITC48,545888,266741,279147,187.1
ITC49,230198,113663,116535,300.2
ITC4A,358955,176880,182075,205.7
ITC4B,412292,202666,209626,181.7
ITC4C,3250315,1576316,1673999,2078.5
ITC4D,873935,428265,445670,2160.4
ITH,11652827,5687330,5965497,192.4
ITH1,531178,262713,268465,71.8
ITH10,531178,262713,268465,71.8
ITH2,541098,265497,275601,87.8
ITH20,541098,265497,275601,87.8
ITH3,4905854,2399783,2506071,282.8
ITH31,926497,454113,472384,318.0
ITH32,862418,424877,437541,317.2
ITH33,202950,98519,104431,55.9
ITH34,887806,436607,451199,360.4
ITH35,853338,414085,439253,442.4
ITH36,937908,457404,480504,445.9
ITH37,234937,114178,120759,149.3
ITH4,1215220,590802,624418,160.5
ITH41,312533,153466,159067,140.6
ITH42,528791,256276,272515,111.3
ITH43,139403,68522,70881,365.0
ITH44,234493,112538,121955,1101.2
ITH5,4459477,2168535,2290942,201.7
ITH51,287152,140530,146622,112.0
ITH52,451631,220524,231107,131.5
ITH53,531891,261563,270328,233.2
ITH54,705393,345394,359999,262.7
ITH55,1014619,489227,525392,275.5
ITH56,345691,166099,179592,142.1
ITH57,389456,189390,200066,218.2
ITH58,394627,191995,202632,166.0
ITH59,339017,163813,175204,391.9
ITI,12016009,5804893,6211116,209.4
ITI1,3729641,1800741,1928900,163.7
ITI11,194878,94108,100770,169.3
ITI12,387876,187299,200577,222.3
ITI13,292473,140948,151525,305.6
ITI14,1011349,485167,526182,290.1
ITI15,257716,125536,132180,703.8
ITI16,334832,161309,173523,278.7
ITI17,419037,203825,215212,172.9
ITI18,342654,166953,175701,106.7
ITI19,267197,128603,138594,70.3
ITI1A,221629,106993,114636,50.0
ITI2,882015,424819,457196,106.3
ITI21,656382,316873,339509,106.0
ITI22,225633,107946,117687,107.3
ITI3,1525271,740927,784344,162.9
ITI31,358886,175224,183662,140.3
ITI32,471228,227970,243258,240.8
ITI33,314178,152632,161546,113.7
ITI34,207179,100312,106867,169.3
ITI35,173800,84789,89011,201.9
ITI4,5879082,2838406,3040676,347.2
ITI41,317030,155227,161803,91.3
ITI42,155503,76907,78596,57.0
ITI43,4342212,2081239,2260973,823.7
ITI44,575254,284526,290728,259.1
ITI45,489083,240507,248576,151.1
ITF,13957942,6811479,7146463,190.6
ITF1,1311580,640136,671444,121.5
ITF11,299031,147868,151163,59.6
ITF12,308052,150803,157249,157.8
ITF13,318909,153590,165319,259.7
ITF14,385588,187875,197713,148.9
ITF2,305617,150580,155037,69.1
ITF21,84379,41830,42549,55.3
ITF22,221238,108750,112488,76.4
ITF3,5801692,2828490,2973202,426.4
ITF31,922965,451931,471034,350.1
ITF32,277018,135931,141087,133.9
ITF33,3084890,1497289,1587601,2634.5
ITF34,418306,205626,212680,150.1
ITF35,1098513,537713,560800,222.3
ITF4,4029053,1959903,2069150,209.3
ITF43,576756,279656,297100,236.6
ITF44,392975,189878,203097,212.4
ITF45,795134,381571,413563,286.3
ITF46,622183,305170,317013,90.9
ITF47,1251994,610856,641138,324.9
ITF48,390011,192772,197239,262.0
ITF5,562869,276697,286172,56.4
ITF51,364960,179328,185632,55.9
ITF52,197909,97369,100540,57.4
ITF6,1947131,955673,991458,128.6
ITF61,705753,345701,360052,105.9
ITF62,174980,88397,86583,101.1
ITF63,358316,174797,183519,149.1
ITF64,160073,79350,80723,140.0
ITF65,548009,267428,280581,171.3
ITG,6639482,3238351,3401131,134.5
ITG1,4999891,2432589,2567302,195.1
ITG11,430492,211304,219188,176.3
ITG12,1252588,605997,646591,252.1
ITG13,626876,302546,324330,193.0
ITG14,434870,211710,223160,143.7
ITG15,262458,126891,135567,124.1
ITG16,164788,79853,84935,64.7
ITG17,1107702,538402,569300,311.1
ITG18,320893,159015,161878,198.0
ITG19,399224,196871,202353,190.7
ITG2,1639591,805762,833829,69.1
ITG25,330211,161886,168325,77.5
ITG26,153448,75535,77913,39.3
ITG27,558684,273122,285562,125.3
ITG28,158513,78135,80378,54.3
ITG29,161360,80436,80924,47.7
ITG2A,56362,27888,28474,30.7
ITG2B,96774,47983,48791,64.3
ITG2C,124239,60777,63462,84.6
CY,875899,427831,448068,94.4
CY0,875899,427831,448068,94.4
CY00,875899,427831,448068,94.4
CY000,875899,427831,448068,94.4
LV,1919968,884909,1035059,30.4
LV0,1919968,884909,1035059,30.4
LV00,1919968,884909,1035059,30.4
LV003,240113,111516,128597,18.0
LV005,260226,120531,139695,18.7
LV006,632614,281558,351056,2462.4
LV007,370589,175183,195406,37.1
LV008,186095,87346,98749,12.5
LV009,230331,108775,121556,21.8
LT,2794184,1295591,1498593,44.7
LT0,2794184,1295591,1498593,44.7
LT01,810538,373951,436587,85.8
LT011,810538,373951,436587,85.8
LT02,1983646,921640,1062006,37.5
LT021,135906,63339,72567,26.5
LT022,561430,257244,304186,71.8
LT023,317722,148301,169421,67.9
LT024,138678,65991,72687,32.1
LT025,214617,98493,116124,28.2
LT026,262487,122679,139808,31.7
LT027,93695,44095,49600,22.1
LT028,132082,61943,70139,31.6
LT029,127029,59555,67474,19.3
LU,613894,308720,305174,235.1
LU0,613894,308720,305174,235.1
LU00,613894,308720,305174,235.1
LU000,613894,308720,305174,235.1
HU,9772756,4675821,5096935,107.1
HU1,3031160,1436884,1594276,444.9
HU11,1752286,818583,933703,3433.4
HU110,1752286,818583,933703,3433.4
HU12,1278874,618301,660573,202.3
HU120,1278874,618301,660573,202.3
HU2,2927175,1408568,1518607,82.1
HU21,1058236,511506,546730,98.9
HU211,417712,202553,215159,97.2
HU212,299207,144021,155186,134.6
HU213,341317,164932,176385,81.6
HU22,989343,478243,511100,88.2
HU221,467144,227377,239767,111.9
HU222,253551,122129,131422,76.0
HU223,268648,128737,139911,72.8
HU23,879596,418819,460777,64.2
HU231,360704,170880,189824,82.7
HU232,301429,143580,157849,52.7
HU233,217463,104359,113104,60.0
HU3,3814421,1830369,1984052,78.4
HU31,1126360,537931,588429,85.0
HU311,642447,307029,335418,89.8
HU312,294609,139918,154691,82.8
HU313,189304,90984,98320,74.9
HU32,1450960,701314,749646,83.6
HU321,527989,254184,273805,86.8
HU322,370007,178635,191372,67.9
HU323,552964,268495,284469,94.9
HU33,1237101,591124,645977,68.5
HU331,503825,241708,262117,60.4
HU332,334264,159996,174268,60.3
HU333,399012,189420,209592,95.5
MT,493559,251836,241723,1548.3
MT0,493559,251836,241723,1548.3
MT00,493559,251836,241723,1548.3
MT001,460171,235085,225086,1843.2
MT002,33388,16751,16637,486.1
NL,17282163,8581086,8701077,504.0
NL1,1723829,860658,863171,204.4
NL11,583990,291436,292554,247.2
NL111,146803,73258,73545,174.5
NL112,46051,23009,23042,170.6
NL113,391136,195169,195967,312.9
NL12,647672,324666,323006,190.6
NL124,324653,162957,161696,206.7
NL125,135764,68234,67530,164.1
NL126,187255,93475,93780,187.3
NL13,492167,244556,247611,184.3
NL131,191515,94955,96560,181.8
NL132,167968,83695,84273,182.3
NL133,132684,65906,66778,190.5
NL2,3644949,1816378,1828571,370.9
NL21,1156431,580491,575940,343.2
NL211,371608,186136,185472,257.1
NL212,155539,77428,78111,369.5
NL213,629284,316927,312357,418.5
NL22,2071972,1027649,1044323,413.2
NL221,688799,341609,347190,374.1
NL224,244052,122246,121806,345.2
NL225,400685,199713,200972,257.8
NL226,738436,364081,374355,810.6
NL23,416546,208238,208308,288.6
NL230,416546,208238,208308,288.6
NL3,8252442,4074368,4178074,929.5
NL31,1306912,642078,664834,926.1
NL310,1306912,642078,664834,926.1
NL32,2853359,1409569,1443790,1032.4
NL321,375659,188131,187528,340.0
NL323,197988,98117,99871,1212.2
NL324,235141,114534,120607,1746.2
NL325,172214,85292,86922,1406.0
NL327,254970,124005,130965,1263.5
NL328,246730,122341,124389,1248.5
NL329,1370657,677149,693508,1968.5
NL33,3709139,1832619,1876520,1281.2
NL332,872211,429141,443070,3352.0
NL333,231157,118764,112393,1494.3
NL337,427217,210020,217197,1494.5
NL33A,405481,200529,204952,848.6
NL33B,331621,164734,166887,666.1
NL33C,1441452,709431,732021,1183.2
NL34,383032,190102,192930,212.2
NL341,105499,52505,52994,142.3
NL342,277533,137597,139936,261.0
NL4,3660943,1829682,1831261,513.2
NL41,2544806,1275080,1269726,511.3
NL411,634030,315020,319010,512.3
NL412,478957,239088,239869,524.9
NL413,658616,329507,329109,481.5
NL414,773203,391465,381738,529.9
NL42,1116137,554602,561535,517.7
NL421,282067,141968,140099,336.2
NL422,236702,118457,118245,354.3
NL423,597368,294177,303191,918.9
AT,8858775,4357033,4501742,107.1
AT1,3868466,1894847,1973619,167.2
AT11,293433,143946,149487,77.5
AT111,37513,18418,19095,54.2
AT112,158981,77886,81095,96.9
AT113,96939,47642,49297,66.9
AT12,1677542,825898,851644,88.5
AT121,246740,123111,123629,74.6
AT122,260480,128064,132416,77.7
AT123,155446,76663,78783,127.8
AT124,217445,107801,109644,47.8
AT125,124967,61882,63085,52.3
AT126,330362,162057,168305,123.7
AT127,342102,166320,175782,236.3
AT13,1897491,925003,972488,4780.6
AT130,1897491,925003,972488,4780.6
AT2,1803991,887317,916674,70.4
AT21,560939,273484,287455,59.9
AT211,287528,138693,148835,146.6
AT212,124252,61125,63127,30.6
AT213,149159,73666,75493,44.7
AT22,1243052,613833,629219,76.4
AT221,443066,218740,224326,367.6
AT222,79901,39113,40788,24.3
AT223,159044,78068,80976,50.0
AT224,266912,132698,134214,80.9
AT225,194466,96074,98392,86.8
AT226,99663,49140,50523,32.9
AT3,3186318,1574869,1611449,94.0
AT31,1482095,735399,746696,126.1
AT311,287640,143937,143703,103.1
AT312,591781,291444,300337,346.7
AT313,209304,105443,103861,79.4
AT314,155486,77191,78295,70.2
AT315,237884,117384,120500,99.3
AT32,555221,271580,283641,78.5
AT321,20320,10097,10223,20.1
AT322,168035,82797,85238,38.5
AT323,366866,178686,188180,216.9
AT33,754705,372135,382570,60.2
AT331,32670,16217,16453,26.9
AT332,311428,152963,158465,149.5
AT333,48753,24147,24606,24.3
AT334,104418,51944,52474,31.7
AT335,257436,126864,130572,65.4
AT34,394297,195755,198542,155.2
AT341,91889,46088,45801,49.4
AT342,302408,149667,152741,444.5
PL,37972812,18380376,19592436,123.6
PL2,7849543,3797775,4051768,288.8
PL21,3360545,1631724,1728821,223.2
PL213,766683,358436,408247,2393.9
PL214,725128,356408,368720,179.4
PL217,452713,222054,230659,175.8
PL218,534399,264705,269694,152.6
PL219,335414,164132,171282,128.1
PL21A,546208,265989,280219,274.5
PL22,4488998,2166051,2322947,369.9
PL224,510139,245608,264531,168.3
PL225,661228,319913,341315,286.3
PL227,622483,303444,319039,471.2
PL228,431037,208204,222833,276.3
PL229,463141,223625,239516,535.5
PL22A,733268,351272,381996,1944.1
PL22B,675084,322721,352363,379.8
PL22C,392618,191264,201354,438.0
PL4,6151984,2994952,3157032,94.4
PL41,3473172,1690834,1782338,117.6
PL411,406147,200301,205846,63.6
PL414,652618,319742,332876,103.7
PL415,535946,250391,285555,2088.8
PL416,665874,324883,340991,115.6
PL417,554079,273140,280939,93.6
PL418,658508,322377,336131,134.1
PL42,1675502,814774,860728,76.8
PL424,400859,190694,210165,1721.9
PL426,350291,169221,181070,81.8
PL427,418331,206068,212263,41.9
PL428,506021,248791,257230,69.2
PL43,1003310,489344,513966,72.7
PL431,380438,185991,194447,63.4
PL432,622872,303353,319519,79.9
PL5,3811110,1838091,1973019,131.1
PL51,2865072,1379024,1486048,144.9
PL514,638659,299329,339330,2228.5
PL515,552576,267500,285076,100.0
PL516,442785,214847,227938,129.0
PL517,641626,308042,333584,154.4
PL518,589426,289306,300120,92.6
PL52,946038,459067,486971,101.7
PL523,363713,176953,186760,90.1
PL524,582325,282114,300211,110.6
PL6,5764951,2805222,2959729,99.0
PL61,2055433,995963,1059470,117.1
PL613,771746,367343,404403,270.9
PL616,383322,187718,195604,96.6
PL617,359520,176029,183491,91.9
PL618,185908,92245,93663,56.8
PL619,354937,172628,182309,100.0
PL62,1404441,686971,717470,61.3
PL621,517268,254089,263179,72.8
PL622,606469,294119,312350,60.8
PL623,280704,138763,141941,48.1
PL63,2305077,1122288,1182789,130.0
PL633,745972,353091,392881,1857.0
PL634,582378,288561,293817,137.6
PL636,328934,160851,168083,64.7
PL637,222635,110324,112311,55.9
PL638,425158,209461,215697,105.9
PL7,3679410,1767591,1911819,124.0
PL71,2453167,1169453,1283714,135.7
PL711,684915,312317,372598,2345.6
PL712,385629,183298,202331,175.1
PL713,581062,282711,298351,98.3
PL714,442739,216910,225829,78.8
PL715,358822,174217,184605,88.5
PL72,1226243,598138,628105,105.6
PL721,753544,365009,388535,150.7
PL722,472699,233129,239570,71.6
PL8,5335503,2601025,2734478,85.3
PL81,2097294,1016645,1080649,84.3
PL811,298352,147244,151108,50.6
PL812,615481,300349,315132,66.7
PL814,709993,337177,372816,169.6
PL815,473468,231875,241593,85.4
PL82,2086135,1022557,1063578,117.8
PL821,471161,231113,240048,85.8
PL822,384141,188443,195698,90.5
PL823,631399,308424,322975,177.7
PL824,599434,294577,304857,136.0
PL84,1152074,561823,590251,57.7
PL841,505188,242433,262755,98.7
PL842,383563,189667,193896,43.7
PL843,263323,129723,133600,43.4
PL9,5380311,2575720,2804591,152.4
PL91,3053104,1433038,1620066,505.4
PL911,1775986,818044,957942,3495.3
PL912,637851,308044,329807,206.1
PL913,639267,306950,332317,261.9
PL92,2327207,1142682,1184525,79.8
PL921,605972,297022,308950,106.3
PL922,338306,166495,171811,64.7
PL923,325475,157935,167540,99.3
PL924,381313,189398,191915,59.0
PL925,417565,206204,211361,69.6
PL926,258576,125628,132948,103.1
PT,10276617,4852366,5424251,113.0
PT1,9779826,4615656,5164170,111.3
PT11,3572583,1686752,1885831,169.3
PT111,230954,106800,124154,105.9
PT112,403891,191603,212288,327.9
PT119,412669,196848,215821,285.8
PT11A,1722374,808894,913480,849.1
PT11B,86466,40631,45835,30.0
PT11C,417268,200625,216643,230.7
PT11D,191101,90164,100937,48.0
PT11E,107860,51187,56673,19.6
PT15,438864,209887,228977,89.0
PT150,438864,209887,228977,89.0
PT16,2216569,1049038,1167531,79.5
PT16B,356785,170674,186111,161.8
PT16D,362100,171623,190477,221.0
PT16E,434015,203821,230194,101.4
PT16F,284492,135471,149021,116.8
PT16G,252220,118631,133589,78.5
PT16H,80782,38231,42551,17.7
PT16I,232849,110019,122830,70.8
PT16J,213326,100568,112758,34.2
PT17,2846332,1331103,1515229,1010.7
PT170,2846332,1331103,1515229,1010.7
PT18,705478,338876,366602,22.8
PT181,93259,45801,47458,18.1
PT184,116557,56430,60127,13.9
PT185,237318,113711,123607,56.2
PT186,105479,50064,55415,17.7
PT187,152865,72870,79995,21.3
PT2,242846,118125,124721,105.6
PT20,242846,118125,124721,105.6
PT200,242846,118125,124721,105.6
PT3,253945,118585,135360,318.1
PT30,253945,118585,135360,318.1
PT300,253945,118585,135360,318.1
RO,19414458,9500450,9914008,83.1
RO1,4870384,2384814,2485570,71.8
RO11,2552112,1246685,1305427,75.2
RO111,561404,274907,286497,75.0
RO112,278851,138898,139953,52.3
RO113,706905,340692,366213,106.4
RO114,460689,226456,234233,73.5
RO115,332572,161679,170893,75.8
RO116,211691,104053,107638,55.2
RO12,2318272,1138129,1180143,68.4
RO121,325426,160802,164624,52.5
RO122,552193,269023,283170,103.4
RO123,202146,100339,101807,54.8
RO124,302308,149643,152665,45.8
RO125,535193,263199,271994,80.4
RO126,401006,195123,205883,74.1
RO2,5594735,2768339,2826396,80.1
RO21,3198564,1591514,1607050,88.0
RO211,585146,289689,295457,89.9
RO212,379622,189234,190388,77.9
RO213,793559,395418,398141,146.8
RO214,441811,218102,223709,76.0
RO215,624563,310444,314119,73.5
RO216,373863,188627,185236,71.4
RO22,2396171,1176825,1219346,71.5
RO221,289537,142168,147369,63.5
RO222,413723,203602,210121,68.9
RO223,673709,327889,345820,100.2
RO224,504058,248418,255640,115.8
RO225,194421,97329,97092,27.6
RO226,320723,157419,163304,67.0
RO3,5245005,2530955,2714050,147.6
RO31,2929832,1443004,1486828,87.1
RO311,579862,283470,296392,86.0
RO312,284299,140593,143706,58.4
RO313,491242,243754,247488,122.8
RO314,266194,132569,133625,77.6
RO315,256120,126789,129331,59.2
RO316,717972,350404,367568,154.2
RO317,334143,165425,168718,59.5
RO32,2315173,1087951,1227222,1316.0
RO321,1829897,850413,979484,7917.1
RO322,485276,237538,247738,314.7
RO4,3704334,1816342,1887992,61.5
RO41,1926860,949080,977780,67.6
RO411,625656,306212,319444,86.4
RO412,315494,156575,158919,57.3
RO413,241262,119154,122108,50.5
RO414,394389,195086,199303,74.2
RO415,350059,172053,178006,61.9
RO42,1777474,867262,910212,55.9
RO421,417422,203663,213759,54.4
RO422,271292,132779,138513,32.3
RO423,383647,188277,195370,54.8
RO424,705113,342543,362570,81.3
SI,2080908,1038656,1042252,102.9
SI0,2080908,1038656,1042252,102.9
SI03,1094435,550010,544425,88.5
SI031,114287,56413,57874,86.3
SI032,324104,162310,161794,150.7
SI033,70588,35643,34945,68.3
SI034,256359,129378,126981,111.6
SI035,56962,28220,28742,118.3
SI036,75559,38232,37327,78.6
SI037,144032,73148,70884,53.8
SI038,52544,26666,25878,36.6
SI04,986473,488646,497827,125.7
SI041,549171,270293,278878,234.4
SI042,204670,102013,102657,96.1
SI043,117616,59159,58457,50.7
SI044,115016,57181,57835,109.8
SK,5450421,2661077,2789344,111.8
SK0,5450421,2661077,2789344,111.8
SK01,659598,313964,345634,324.2
SK010,659598,313964,345634,324.2
SK02,1826145,893435,932710,123.1
SK021,563591,276116,287475,138.5
SK022,585882,287841,298041,130.8
SK023,676672,329478,347194,107.7
SK03,1339242,654535,684707,82.8
SK031,691368,339899,351469,102.6
SK032,647874,314636,333238,68.7
SK04,1625436,799143,826293,103.8
SK041,825022,408005,417017,92.1
SK042,800414,391138,409276,119.4
FI,5517919,2723290,2794629,18.1
FI1,5488130,2708420,2779710,18.1
FI19,1379749,684925,694824,23.7
FI193,275521,137062,138459,16.5
FI194,189715,94572,95143,14.2
FI195,180794,91355,89439,23.3
FI196,218624,108269,110355,28.1
FI197,515095,253667,261428,40.8
FI1B,1671024,815181,855843,182.8
FI1B1,1671024,815181,855843,182.8
FI1C,1152719,566308,586411,36.7
FI1C1,478582,234142,244440,44.8
FI1C2,171364,84711,86653,33.1
FI1C3,200629,97807,102822,39.2
FI1C4,173388,85716,87672,33.9
FI1C5,128756,63932,64824,24.3
FI1D,1284638,642006,642632,6.3
FI1D1,144615,71398,73217,10.2
FI1D2,245602,121535,124067,14.7
FI1D3,162240,80751,81489,9.2
FI1D5,68437,34067,34370,13.7
FI1D7,178522,89291,89231,1.9
FI1D8,73061,36777,36284,3.6
FI1D9,412161,208187,203974,11.2
FI2,29789,14870,14919,19.1
FI20,29789,14870,14919,19.1
FI200,29789,14870,14919,19.1
SE,10230185,5142438,5087747,25.0
SE1,4052937,2031971,2020966,89.5
SE11,2344124,1172510,1171614,356.6
SE110,2344124,1172510,1171614,356.6
SE12,1708813,859461,849352,44.2
SE121,376354,188247,188107,45.5
SE122,294695,147994,146701,48.2
SE123,461583,233710,227873,43.5
SE124,302252,151469,150783,35.3
SE125,273929,138041,135888,53.3
SE2,4425644,2224242,2201402,57.7
SE21,864630,437529,427101,26.0
SE211,360825,182642,178183,34.4
SE212,199886,101774,98112,23.6
SE213,244670,123540,121130,21.9
SE214,59249,29573,29676,18.8
SE22,1521848,761336,760512,108.9
SE221,159684,81431,78253,54.4
SE224,1362164,679905,682259,123.4
SE23,2039166,1025377,1013789,69.4
SE231,329352,165043,164309,60.3
SE232,1709814,860334,849480,71.4
SE3,1751604,886225,865379,6.1
SE31,855220,431079,424141,13.4
SE311,281482,141582,139900,16.0
SE312,287191,145244,141947,10.2
SE313,286547,144253,142294,15.8
SE32,375733,189918,185815,5.3
SE321,245453,123944,121509,11.4
SE322,130280,65974,64306,2.7
SE33,520651,265228,255423,3.4
SE331,270154,136929,133225,4.9
SE332,250497,128299,122198,2.6
UK,66647112,32901036,33746076,273.8
UKC,2656980,1304887,1352093,309.3
UKC1,1201543,589786,611757,397.1
UKC11,290998,142921,148077,971.9
UKC12,276988,135723,141265,925.9
UKC13,106522,51880,54642,540.5
UKC14,527035,259262,267773,236.2
UKC2,1455437,715101,740336,261.6
UKC21,319010,155636,163374,63.6
UKC22,858694,424032,434662,2125.1
UKC23,277733,135433,142300,2026.9
UKD,7300075,3603179,3696896,516.5
UKD1,498083,245679,252404,73.6
UKD11,232618,115338,117280,113.5
UKD12,265465,130341,135124,56.3
UKD3,2822003,1401575,1420428,2206.1
UKD33,553230,280500,272730,4754.4
UKD34,492658,244958,247700,2417.6
UKD35,517992,254046,263946,2258.1
UKD36,612383,304489,307894,1864.3
UKD37,645740,317582,328158,1610.4
UKD4,1495318,739998,755320,485.5
UKD41,148753,74577,74176,1085.6
UKD42,139098,68956,70142,3981.2
UKD44,254791,125218,129573,296.0
UKD45,391144,194008,197136,389.0
UKD46,330381,163211,167170,671.6
UKD47,231151,114028,117123,419.2
UKD6,931347,456540,474807,410.6
UKD61,210829,104656,106173,1163.7
UKD62,380694,186343,194351,325.9
UKD63,339824,165541,174283,369.6
UKD7,1553324,759387,793937,2135.6
UKD71,457712,222167,235545,1512.7
UKD72,496784,247871,248913,4421.5
UKD73,275562,132782,142780,1776.2
UKD74,323266,156567,166699,2058.0
UKE,5486230,2709045,2777185,355.3
UKE1,932645,462011,470634,265.2
UKE11,261149,131531,129618,3677.5
UKE12,339625,166668,172957,141.0
UKE13,331871,163812,168059,319.5
UKE2,824054,405618,418436,99.0
UKE21,210235,103287,106948,770.4
UKE22,613819,302331,311488,76.3
UKE3,1404971,696516,708455,902.8
UKE31,820943,405851,415092,691.8
UKE32,584028,290665,293363,1581.7
UKE4,2324560,1144900,1179660,1142.4
UKE41,536986,264683,272303,1464.9
UKE42,792525,389182,403343,1431.9
UKE44,651117,321833,329284,840.8
UKE45,343932,169202,174730,1010.2
UKF,4811065,2378928,2432137,307.0
UKF1,2210381,1093559,1116822,460.9
UKF11,258746,128188,130558,3313.4
UKF12,285393,140007,145386,567.8
UKF13,510300,250928,259372,248.9
UKF14,331297,168250,163047,4405.0
UKF15,475079,234189,240890,321.3
UKF16,349566,171997,177569,572.0
UKF2,1843764,914616,929148,374.6
UKF21,357394,178991,178403,4880.5
UKF22,736439,364910,371529,297.4
UKF24,403687,200241,203446,292.1
UKF25,346244,170474,175770,349.1
UKF3,756920,370753,386167,127.1
UKF30,756920,370753,386167,127.1
UKG,5907872,2928079,2979793,453.2
UKG1,1352539,667634,684905,228.7
UKG11,192214,95232,96982,88.0
UKG12,592158,291386,300772,339.2
UKG13,568167,281016,287151,286.6
UKG2,1626956,809998,816958,261.8
UKG21,177450,88221,89229,609.4
UKG22,319189,158419,160770,99.5
UKG23,256127,128453,127674,2751.0
UKG24,874190,434905,439285,333.1
UKG3,2928377,1450447,1477930,3235.7
UKG31,1148862,568654,580208,4275.4
UKG32,215055,104678,110377,1205.5
UKG33,369461,187407,182054,3701.0
UKG36,320320,157055,163265,3263.9
UKG37,328774,163048,165726,3811.0
UKG38,283663,139451,144212,2719.0
UKG39,262242,130154,132088,3788.7
UKH,6235410,3073861,3161549,325.2
UKH1,2521676,1249971,1271705,200.1
UKH11,201799,101342,100457,585.6
UKH12,653412,327077,326335,214.0
UKH14,760472,376019,384453,199.8
UKH15,370822,182966,187856,483.1
UKH16,257538,125863,131675,107.1
UKH17,277633,136704,140929,124.8
UKH2,1871847,922279,949568,648.3
UKH21,218045,110556,107489,5064.1
UKH23,1194634,584928,609706,725.2
UKH24,173237,85674,87563,362.1
UKH25,285931,141121,144810,396.8
UKH3,1841887,901611,940276,500.0
UKH31,183453,89869,93584,4356.9
UKH32,173405,85542,87863,1057.8
UKH34,492514,241628,250886,383.7
UKH35,308522,150001,158521,303.9
UKH36,319145,156915,162230,374.1
UKH37,364848,177656,187192,1119.0
UKI,8982256,4486269,4495987,5691.3
UKI3,1190513,595936,594577,10844.6
UKI31,270016,136950,133066,10665.7
UKI32,253137,132550,120587,11900.9
UKI33,339909,169179,170730,11699.0
UKI34,327451,157257,170194,9594.9
UKI4,2430890,1234669,1196221,11509.1
UKI41,638859,329443,309416,11544.6
UKI42,319821,167300,152521,15794.2
UKI43,516586,261093,255493,11689.7
UKI44,627380,311618,315762,9756.5
UKI45,328244,165215,163029,12122.7
UKI5,1940638,959656,980982,4473.1
UKI51,538801,266389,272412,4964.6
UKI52,476061,231605,244456,3200.6
UKI53,587575,296062,291513,6161.9
UKI54,338201,165600,172601,4162.2
UKI6,1316772,641140,675632,3698.1
UKI61,334536,160827,173709,2221.9
UKI62,389473,189180,200293,4518.4
UKI63,592763,291133,301630,4965.9
UKI7,2103443,1054868,1048575,4509.4
UKI71,395839,196298,199541,4525.1
UKI72,331616,169156,162460,7693.2
UKI73,344837,173551,171286,6158.2
UKI74,559903,280694,279209,3360.3
UKI75,471248,235169,236079,4156.8
UKJ,9175033,4522339,4652694,479.6
UKJ1,2417428,1199575,1217853,419.8
UKJ11,915157,456098,459059,723.1
UKJ12,271677,134466,137211,876.3
UKJ13,543128,266090,277038,345.7
UKJ14,687466,342921,344545,263.2
UKJ2,2909838,1425200,1484638,532.7
UKJ21,292169,147096,145073,3507.8
UKJ22,558626,270720,287906,325.9
UKJ25,791570,390268,401302,795.6
UKJ26,404293,197169,207124,601.7
UKJ27,457549,220743,236806,421.6
UKJ28,405631,199204,206427,444.3
UKJ3,1993050,985439,1007611,479.4
UKJ31,216023,110105,105918,5392.2
UKJ32,254361,130128,124233,5077.8
UKJ34,141606,69408,72198,372.0
UKJ35,460523,225315,235208,1955.3
UKJ36,551640,267011,284629,215.3
UKJ37,368897,183472,185425,414.9
UKJ4,1854717,912125,942592,494.2
UKJ41,280894,139105,141789,1444.9
UKJ43,366135,180560,185575,667.0
UKJ44,538428,264594,273834,495.1
UKJ45,300082,147172,152910,306.3
UKJ46,369178,180694,188484,391.2
UKK,5616381,2763556,2852825,234.8
UKK1,2516568,1244704,1271864,335.7
UKK11,467099,234315,232784,4227.4
UKK12,690838,340343,350495,564.9
UKK13,635249,311399,323850,238.5
UKK14,222517,110973,111544,964.3
UKK15,500865,247674,253191,153.4
UKK2,1336003,656514,679489,218.4
UKK21,348309,173933,174376,3134.4
UKK22,427063,208616,218447,167.7
UKK23,560631,273965,286666,161.9
UKK3,568612,276253,292359,159.1
UKK30,568612,276253,292359,159.1
UKK4,1195198,586085,609113,177.7
UKK41,264135,131604,132531,3299.5
UKK42,136051,66214,69837,2155.1
UKK43,795012,388267,406745,120.6
UKL,3136383,1546631,1589752,151.0
UKL1,1968383,970273,998110,150.0
UKL11,70073,34469,35604,98.5
UKL12,124147,61851,62296,48.9
UKL13,212675,104266,108409,108.3
UKL14,386480,190371,196109,66.8
UKL15,299239,146781,152458,557.6
UKL16,343280,168000,175280,669.9
UKL17,286272,141221,145051,413.0
UKL18,246217,123314,122903,646.8
UKL2,1168000,576358,591642,152.7
UKL21,244891,120397,124494,234.8
UKL22,497646,244844,252802,1051.1
UKL23,293370,145716,147654,311.3
UKL24,132093,65401,66692,25.5
UKM,5454238,2656113,2798125,69.9
UKM5,495365,246600,248765,76.2
UKM50,495365,246600,248765,76.2
UKM6,470990,232104,238886,11.7
UKM61,94917,46527,48390,7.4
UKM62,204193,100561,103632,26.1
UKM63,100012,49085,50927,7.0
UKM64,26688,13164,13524,8.8
UKM65,22055,10992,11063,22.2
UKM66,23125,11775,11350,15.8
UKM7,1998699,973068,1025631,150.8
UKM71,265465,128766,136699,118.4
UKM72,423970,206092,217878,285.4
UKM73,197947,94939,103008,190.6
UKM75,520483,254079,266404,1969.8
UKM76,161029,78928,82101,541.3
UKM77,246780,120424,126356,33.0
UKM78,183025,89840,93185,426.3
UKM8,1541998,747323,794675,800.0
UKM81,223516,108153,115363,327.3
UKM82,627479,305965,321514,3573.0
UKM83,351257,168603,182654,588.7
UKM84,339746,164602,175144,722.4
UKM9,947186,457018,490168,59.7
UKM91,115230,55931,59299,24.3
UKM92,148871,72329,76542,23.2
UKM93,251307,120717,130590,147.8
UKM94,112461,53697,58764,92.1
UKM95,319317,154344,164973,180.0
UKN,1885189,928149,957040,138.7
UKN0,1885189,928149,957040,138.7
UKN06,341506,165806,175700,2470.6
UKN07,215246,107038,108208,160.0
UKN08,180825,89683,91142,107.1
UKN09,160975,78124,82851,283.4
UKN10,150557,73946,76611,120.2
UKN11,148378,74652,73726,80.8
UKN12,144367,71628,72739,72.6
UKN13,142565,69392,73173,248.7
UKN14,144771,71125,73646,284.6
UKN15,138948,68171,70777,130.8
UKN16,117051,58584,58467,40.8
EFTA,14268108,7124056,7144052,31.6
IS,356991,182837,174154,3.5
IS0,356991,182837,174154,3.5
IS00,356991,182837,174154,3.5
IS001,228231,115867,112364,217.9
IS002,128760,66970,61790,1.3
LI,38378,19025,19353,242.1
LI0,38378,19025,19353,242.1
LI00,38378,19025,19353,242.1
LI000,38378,19025,19353,242.1
NO,5328212,2685073,2643139,17.2
NO0,5328212,2685073,2643139,17.2
NO01,1305122,652640,652482,255.9
NO011,681067,339597,341470,1567.8
NO012,624055,313043,311012,133.6
NO02,386951,194036,192915,7.7
NO021,197406,98776,98630,7.5
NO022,189545,95260,94285,7.9
NO03,1005070,503790,501280,29.3
NO031,297520,149123,148397,75.7
NO032,283148,142477,140671,20.1
NO033,251084,125451,125633,116.6
NO034,173318,86739,86579,12.2
NO04,780898,394800,386098,32.0
NO041,117655,59291,58364,13.7
NO042,187589,94148,93441,27.1
NO043,475654,241361,234293,53.7
NO05,901689,457581,444108,19.0
NO051,524495,265290,259205,35.4
NO052,109774,56007,53767,6.1
NO053,267420,136284,131136,18.2
NO06,462032,234545,227487,11.8
NO060,462032,234545,227487,11.8
NO061,,,,
NO062,,,,
NO07,486450,247681,238769,4.5
NO071,243385,123540,119845,6.7
NO072,167202,85100,82102,6.6
NO073,75863,39041,36822,1.6
CH,8544527,4237121,4307406,213.6
CH0,8544527,4237121,4307406,213.6
CH01,1642580,804808,837772,198.2
CH011,799145,392529,406616,282.4
CH012,343955,170431,173524,66.0
CH013,499480,241848,257632,2046.8
CH02,1877154,926783,950371,192.1
CH021,1034977,507791,527186,177.4
CH022,318714,159579,159135,199.4
CH023,273194,136475,136719,346.5
CH024,176850,86621,90229,248.1
CH025,73419,36317,37102,87.4
CH03,1161105,576428,584677,598.0
CH031,194766,94311,100455,5398.3
CH032,288132,141341,146791,557.3
CH033,678207,340776,337431,488.1
CH04,1520968,757081,763887,914.5
CH040,1520968,757081,763887,914.5
CH05,1176321,590060,586261,104.0
CH051,40403,20448,19955,59.7
CH052,81991,40560,41431,275.9
CH053,55234,27889,27345,227.2
CH054,16145,8300,7845,93.8
CH055,507697,254304,253393,260.0
CH056,198379,99374,99005,28.0
CH057,276472,139185,137287,319.9
CH06,813056,409769,403287,190.4
CH061,409557,204100,205457,285.7
CH062,36433,18609,17824,34.5
CH063,159165,81599,77566,187.7
CH064,37841,19144,18697,78.9
CH065,43223,22122,21101,178.8
CH066,126837,64195,62642,606.4
CH07,353343,172192,181151,129.4
CH070,353343,172192,181151,129.4
ME,622182,307712,314470,45.7
ME0,622182,307712,314470,45.7
ME00,622182,307712,314470,45.7
ME000,622182,307712,314470,45.7
MK,2077132,1040200,1036932,83.4
MK0,2076953,1040167,1036786,83.4
MK00,2076953,1040167,1036786,83.4
MK001,152020,77196,74824,37.6
MK002,174876,88347,86529,49.6
MK003,219571,110149,109422,65.9
MK004,173304,87630,85674,63.4
MK005,227912,114253,113659,48.4
MK006,322298,162304,159994,133.2
MK007,176155,89677,86478,76.3
MK008,630817,310611,320206,347.4
MKX,179,33,146,
MKXX,179,33,146,
MKXXX,179,33,146,
AL,2862427,1429594,1432833,99.6
AL0,2862427,1429594,1432833,99.6
AL01,813758,409557,404201,75.5
AL011,118948,61946,57002,48.6
AL012,290126,146760,143366,376.5
AL013,76594,39305,37289,32.2
AL014,125195,62282,62913,75.9
AL015,202895,99264,103631,57.8
AL02,1170142,579519,590623,234.8
AL021,274982,137508,137474,83.5
AL022,895160,442011,453149,538.2
AL03,878527,440518,438009,67.9
AL031,125157,62718,62439,70.1
AL032,294747,149374,145373,157.4
AL033,61423,30058,31365,21.6
AL034,207889,103389,104500,56.0
AL035,189311,94979,94332,70.0
RS,6963764,3392811,3570953,91.0
RS1,3548830,1704426,1844404,145.9
RS11,1691919,798811,893108,535.2
RS110,1691919,798811,893108,535.2
RS12,1856911,905615,951296,87.8
RS121,172110,84295,87815,70.7
RS122,278356,137002,141354,67.1
RS123,618578,298452,320126,157.4
RS124,136183,66644,69539,59.7
RS125,178853,86388,92465,101.3
RS126,174732,85784,88948,55.2
RS127,298099,147050,151049,87.6
RS2,3414934,1688385,1726549,65.4
RS21,1916855,945665,971190,73.0
RS211,267026,132389,134637,43.9
RS212,162887,80928,81959,66.3
RS213,278943,138281,140662,86.5
RS214,199330,97916,101414,66.5
RS215,198646,96599,102047,76.7
RS216,222907,110063,112844,84.4
RS217,304807,151279,153528,78.0
RS218,282309,138210,144099,119.2
RS22,1498079,742720,755359,57.8
RS221,112085,54793,57292,33.1
RS222,166777,81421,85356,44.2
RS223,106917,52465,54452,29.8
RS224,199946,100011,99935,72.7
RS225,361446,177360,184086,133.2
RS226,84244,42721,41523,30.8
RS227,185950,91906,94044,151.3
RS228,196971,99652,97319,56.4
RS229,83743,42391,41352,37.8
TR,82003882,41139980,40863902,106.2
TR1,15067724,7542231,7525493,2900.1
TR10,15067724,7542231,7525493,2900.1
TR100,15067724,7542231,7525493,2900.1
TR2,3569552,1808376,1761176,83.2
TR21,1802315,922546,879769,95.5
TR211,1029927,527975,501952,160.2
TR212,411528,209390,202138,70.0
TR213,360860,185181,175679,55.1
TR22,1767237,885830,881407,73.6
TR221,1226575,612738,613837,85.9
TR222,540662,273092,267570,55.6
TR3,10514200,5252021,5262179,118.3
TR31,4320519,2152585,2167934,367.0
TR310,4320519,2152585,2167934,367.0
TR32,3093015,1551341,1541674,96.7
TR321,1097746,546092,551654,140.7
TR322,1027782,512109,515673,87.2
TR323,967487,493140,474347,77.9
TR33,3100666,1548095,1552571,68.7
TR331,1429643,720337,709306,108.5
TR332,725568,360152,365416,49.9
TR333,577941,284675,293266,47.9
TR334,367514,182931,184583,68.3
TR4,7968135,3998390,3969745,162.1
TR41,4089156,2049254,2039902,141.7
TR411,2994521,1498219,1496302,284.2
TR412,871187,434112,437075,62.4
TR413,223448,116923,106525,51.7
TR42,3878979,1949136,1929843,191.1
TR421,1906391,963326,943065,530.0
TR422,1010700,505645,505055,206.8
TR423,387844,194051,193793,149.1
TR424,311810,154711,157099,36.9
TR425,262234,131403,130831,320.1
TR5,7961507,3949333,4012174,108.6
TR51,5503985,2728900,2775085,220.8
TR510,5503985,2728900,2775085,220.8
TR52,2457522,1220433,1237089,50.8
TR521,2205609,1094441,1111168,55.8
TR522,251913,125992,125921,28.3
TR6,10461409,5249107,5212302,118.5
TR61,3137694,1577007,1560687,87.1
TR611,2426356,1222086,1204270,117.5
TR612,441412,219681,221731,52.7
TR613,269926,135240,134686,38.9
TR62,4034593,2012331,2022262,139.0
TR621,2220125,1106811,1113314,162.5
TR622,1814468,905520,908948,118.0
TR63,3289122,1659769,1629353,141.1
TR631,1609856,809484,800372,282.9
TR632,1144851,580410,564441,79.3
TR633,534415,269875,264540,168.4
TR7,4064957,2031091,2033866,44.2
TR71,1603688,798922,804766,50.1
TR711,286602,143305,143297,62.2
TR712,412172,204792,207380,51.3
TR713,364707,183109,181598,48.7
TR714,298339,147438,150901,55.0
TR715,241868,120278,121590,37.5
TR72,2461269,1232169,1229100,41.1
TR721,1389680,696658,693022,81.7
TR722,646608,323575,323033,22.3
TR723,424981,211936,213045,30.1
TR8,4688532,2334712,2353820,63.0
TR81,1046711,520812,525899,110.0
TR811,599698,297303,302395,181.4
TR812,248014,124596,123418,60.3
TR813,198999,98913,100086,94.3
TR82,819468,410239,409229,30.0
TR821,383373,191431,191942,28.7
TR822,216362,109512,106850,26.9
TR823,219733,109296,110437,36.8
TR83,2822353,1403661,1418692,74.3
TR831,1335716,662086,673630,143.6
TR832,612646,305977,306669,60.8
TR833,536483,265678,270805,41.8
TR834,337508,169920,167588,58.7
TR9,2719113,1356304,1362809,76.6
TR90,2719113,1356304,1362809,76.6
TR901,807903,399377,408526,172.5
TR902,771932,386547,385385,128.7
TR903,453912,226067,227845,66.1
TR904,348608,174130,174478,86.8
TR905,174010,87715,86295,23.2
TR906,162748,82468,80280,25.9
TRA,2211054,1129357,1081697,31.3
TRA1,1086156,545160,540996,26.5
TRA11,767848,383435,384413,30.2
TRA12,236034,120348,115686,20.0
TRA13,82274,41377,40897,21.8
TRA2,1124898,584197,540701,37.8
TRA21,539657,280923,258734,47.6
TRA22,288878,149510,139368,29.1
TRA23,197456,102171,95285,56.7
TRA24,98907,51593,47314,19.6
TRB,3929719,2008129,1921590,50.7
TRB1,1762077,886160,875917,48.1
TRB11,797036,396877,400159,66.3
TRB12,595638,296641,298997,67.6
TRB13,281205,143524,137681,33.8
TRB14,88198,49118,39080,11.6
TRB2,2167642,1121969,1045673,53.1
TRB21,1123784,574461,549323,59.9
TRB22,407992,208431,199561,51.5
TRB23,349396,181970,167426,49.6
TRB24,286470,157107,129363,40.3
TRC,8847980,4480929,4367051,117.0
TRC1,2795617,1411555,1384062,183.0
TRC11,2028563,1023716,1004847,297.1
TRC12,624513,314998,309515,88.3
TRC13,142541,72841,69700,102.5
TRC2,3768205,1902187,1866018,109.7
TRC21,2035809,1026719,1009090,106.1
TRC22,1732396,875468,856928,114.3
TRC3,2284158,1167187,1116971,87.6
TRC31,829195,417000,412195,94.3
TRC32,599103,301413,297690,128.6
TRC33,524190,277585,246605,73.7
TRC34,331670,171189,160481,60.2
